0	4.640393590636291,-0.931455867118915;-1321.682162377009;-790.0092974262054;0.6;
1	-3.334941208118203,-1.283078377978831;-1435.5062962801942;-858.3037777681164;0.6;
2	4.894170911352976,-2.1538437998768414;-3195.9816847057127;-1914.5890108234275;0.6;
3	-1.3711405691259895,1.5492168797579966;-1955.7195387157278;-1170.4317232294366;0.6;
4	-1.6689935076300388,-0.8809136765660668;-1695.4838409550389;-1014.2903045730233;0.6;
5	-4.685504537794069,0.504470627238244;-1053.0913827564646;-628.8548296538787;0.6;
6	0.333701661571677,-2.6483849962799177;-2190.2800149342343;-1311.1680089605404;0.6;
7	-4.919371703714205,4.0252556552086425;-639.818671550682;-380.8912029304092;0.6;
8	4.01735485022196,-4.329522891189184;-11464.58424725067;-6875.750548350402;0.6;
9	1.160743344867524,2.4860495558403333;-368.4490547185425;-218.0694328311255;0.6;
10	-3.6041933047654826,1.3134489549945947;-1663.4557659208162;-995.0734595524897;0.6;
11	-0.9768595663504778,4.445241253949742;-956.5366957615557;-570.9220174569334;0.6;
12	-3.148974582858932,-1.580898241615695;-1707.5066211871815;-1021.503972712309;0.6;
13	-2.0629031799215234,2.3429458654897406;-2112.6144636909885;-1264.568678214593;0.6;
14	-1.3130090251442827,1.0022627789082508;-1147.6577775643661;-685.5946665386197;0.6;
15	-2.5464865396877645,-4.701255687044857;-2785.239196628871;-1668.1435179773225;0.6;
16	1.981272132172636,4.281995502458599;-284.05973545234326;-167.43584127140596;0.6;
17	3.346249271184938,4.641977884608362;-386.7330480921995;-229.03982885531968;0.6;
18	-1.308366358616475,-4.336327495857533;-2346.309530624958;-1404.7857183749747;0.6;
19	1.7107360369549216,-1.4017616477855643;-1247.241549725251;-745.3449298351505;0.6;
20	-0.9683508134791037,-2.376019765467099;-2300.3285210461568;-1377.197112627694;0.6;
21	4.379362919739574,-3.8407800132685543;-10449.947171926642;-6266.968303155985;0.6;
22	1.4984396653124925,3.5074655104353436;-456.91014362677106;-271.1460861760626;0.6;
23	3.588499957958364,-3.4208940355847983;-5251.567332986953;-3147.940399792172;0.6;
24	-2.3827063939807913,3.8154891534253785;-568.7178803174138;-338.23072819044825;0.6;
25	-1.0800682682811322,0.16918131764386146;-1080.0748395821358;-645.0449037492815;0.6;
26	-3.537930321089553,4.953231150248261;-498.78778018701905;-296.2726681122114;0.6;
27	4.9398556027786675,-1.8966180397819432;-2668.12712571802;-1597.876275430812;0.6;
28	3.3169197923826523,4.597643394163564;-338.69916186420403;-200.2194971185224;0.6;
29	3.671492656762819,3.801000829666325;-482.8049879897676;-286.68299279386054;0.6;
30	1.4640138033222687,-2.1409767444202266;-2100.448620008278;-1257.2691720049668;0.6;
31	2.0627490835743023,-3.881208153724077;-3495.1634444388146;-2094.0980666632886;0.6;
32	-3.986412540210976,-3.768859140501959;-800.7176575772421;-477.4305945463452;0.6;
33	0.9482555497401108,-4.93677724418351;-3635.7394055559002;-2178.44364333354;0.6;
34	3.936771745286835,-3.040382929909925;-4820.207018788949;-2889.1242112733694;0.6;
35	-1.34449278981673,4.024652097028829;-116.48065428496547;-66.88839257097928;0.6;
36	-4.981690940052889,3.905522269520759;-557.1245896372296;-331.27475378233777;0.6;
37	-0.632291547873562,-1.3612886705953486;-1357.9164437405093;-811.7498662443055;0.6;
38	4.315398942258991,2.2409234819754333;-389.68910135543365;-230.81346081326018;0.6;
39	3.631330470337378,1.2961940991985;-417.63474439100185;-247.5808466346011;0.6;
40	-2.109446859690678,-1.6146245391913236;-2387.051802404047;-1429.2310814424281;0.6;
41	-4.015735962355121,2.051272830596691;-1206.7020400530898;-721.0212240318539;0.6;
42	0.08048706564316888,3.4771239173197728;-69.31402639572019;-38.588415837432116;0.6;
43	2.580857687520637,1.2188707049276628;-821.0428943408068;-489.6257366044841;0.6;
44	2.3697123362907524,3.3700395998128094;-648.9500497416578;-386.3700298449947;0.6;
45	-0.0969925985711031,-3.6944592892340533;-1487.2084446385988;-889.3250667831593;0.6;
46	1.0566333710182931,0.6570861616595893;-629.5277198179573;-374.71663189077435;0.6;
47	4.171863820957483,-3.915786692541394;-9904.658298912174;-5939.794979347304;0.6;
48	3.331595049854947,4.543373694674681;-293.6773381008027;-173.2064028604816;0.6;
49	-0.08738952438376657,-2.3983071552578803;-1822.2815042641964;-1090.368902558518;0.6;
50	-0.8695312303174676,2.526625736088058;-1068.0008283963998;-637.8004970378398;0.6;
51	-4.724844908321556,-2.3012015501982743;-2200.0590640849787;-1317.0354384509872;0.6;
52	-0.815997413711484,3.7901515917308384;-448.0273981602281;-265.81643889613684;0.6;
53	1.1764727290935966,-0.7734416245875453;-1000.7181200064367;-597.430872003862;0.6;
54	-1.9476966427715334,-2.026825637766759;-2365.5333034988303;-1416.3199820992982;0.6;
55	1.1057216325502743,3.5578864413647597;-316.9506965648603;-187.1704179389162;0.6;
56	4.615459071669324,4.555644488126212;-568.3877734010217;-338.03266404061304;0.6;
57	-1.4788476832866628,-4.7773204500012065;-2841.0384075928864;-1701.623044555732;0.6;
58	1.48545189740243,-2.520582465266974;-2719.0357446789085;-1628.421446807345;0.6;
59	-0.8317868871831084,1.5352967299404927;-753.8988031387884;-449.33928188327303;0.6;
60	-0.8888511552011726,-3.1750448415462715;-2273.4280003279705;-1361.0568001967822;0.6;
61	-3.638849460548311,-0.06310988971492293;-1276.4653166058667;-762.87918996352;0.6;
62	-0.03269730917560576,4.372465194233326;-259.35483429763195;-152.61290057857917;0.6;
63	-1.7042043276070293,-1.558920401702777;-2087.1878616345484;-1249.312716980729;0.6;
64	3.1501321478761586,2.6986647033235114;-423.46579373969615;-251.07947624381768;0.6;
65	-2.20089091303604,0.04997243236924298;-1386.3489299651255;-828.8093579790753;0.6;
66	-0.05380670460238157,-1.904883151020107;-1521.5389439751023;-909.9233663850613;0.6;
67	-3.4285413288054425,0.2985500503568499;-1358.5141746812683;-812.1085048087609;0.6;
68	-3.502104476681912,-3.958643609691844;-710.4914721825776;-423.29488330954655;0.6;
69	-2.0595122331163376,-1.8110433081523891;-2488.017066997265;-1489.810240198359;0.6;
70	0.558152430165098,4.225783722419978;-260.9687448757536;-153.58124692545215;0.6;
71	4.420825788952502,4.692242338617769;-456.3857326319022;-270.8314395791413;0.6;
72	-4.491697548909776,2.179577022638343;-1125.3210750917995;-672.1926450550797;0.6;
73	-1.0382201173590389,-0.2763759735116933;-1379.386582826072;-824.6319496956432;0.6;
74	-3.69242601186635,-1.5263694585171206;-1494.045800942422;-893.4274805654532;0.6;
75	1.6655418865194616,-1.96164773559383;-1883.8225984899;-1127.2935590939398;0.6;
76	-1.1509939271225669,-3.874199668410511;-1899.4778238419228;-1136.6866943051537;0.6;
77	-3.028668302451254,-3.1512241452852665;-346.41507973119167;-204.849047838715;0.6;
78	-3.6841157965438143,4.375499915484655;-828.2592402128105;-493.95554412768627;0.6;
79	-0.17370961236629512,3.1292245850258027;-625.3935678043201;-372.23614068259207;0.6;
80	3.5643848435930376,0.3049529024395081;-589.7454456320515;-350.8472673792309;0.6;
81	3.201826201669757,-3.446167262434087;-4551.562312278429;-2727.9373873670575;0.6;
82	3.302263502650476,-3.0788187502262208;-3905.836768930856;-2340.5020613585134;0.6;
83	3.464508643342775,4.803453925988517;-603.5760321803607;-359.1456193082164;0.6;
84	-4.109932349579437,-4.739933987648719;-2392.6566551358214;-1432.5939930814927;0.6;
85	4.573494117440154,1.5813250169605624;-396.0529646965403;-234.63177881792416;0.6;
86	-2.03951286001701,-3.1664126324195707;-2071.9046349709583;-1240.142780982575;0.6;
87	-3.1481391190724217,4.093155563820186;-727.26340314423;-433.358041886538;0.6;
88	3.7331055891031273,-0.6863829061904339;-939.3699980670458;-560.6219988402274;0.6;
89	1.1671161603591038,-4.024163095701839;-2822.2947653939223;-1690.3768592363533;0.6;
90	-3.1040531827516293,2.7303993685758945;-1073.644989027169;-641.1869934163013;0.6;
91	4.7565344858964735,3.699973956083637;-363.6407456583162;-215.1844473949897;0.6;
92	0.23185850229612015,-4.338878852772088;-2125.097447004032;-1272.0584682024191;0.6;
93	0.6458759889468695,-0.6750318851309745;-788.0369169808645;-469.82215018851866;0.6;
94	4.786914631358309,0.8937453562963569;-714.9856228002143;-425.99137368012856;0.6;
95	-1.3645826437552397,0.15138665071193014;-1483.1233321489842;-886.8739992893906;0.6;
96	0.3096529481576473,-2.1264647051853403;-2204.499566621439;-1319.6997399728634;0.6;
97	2.1651304679841914,-3.7061266935036485;-3541.402548387936;-2121.8415290327616;0.6;
98	3.9341137106387514,4.8744737864549865;-719.3283096845055;-428.5969858107033;0.6;
99	2.021223344147808,0.4888715257994125;-721.906554711447;-430.1439328268682;0.6;
