0	2.815016617416509,3.4516896070456777;-441.5317774877681;-659.876729943807;0.6;
1	-4.866935755119568,3.8257953468329835;-399.7987996435395;-626.6686213392752;0.6;
2	-0.17560045920130207,-4.902869191441108;-2359.3627936417083;-3526.1865024762246;0.6;
3	1.477597442986955,-1.5679250872545323;-1313.759430384021;-2004.9868606818275;0.6;
4	2.206275526904948,-1.490573928881751;-1097.2423588343986;-1639.8742539362436;0.6;
5	1.2598007120121097,2.9145165764356524;-464.6816033101035;-712.9215111918345;0.6;
6	3.0674003831425694,-3.050507917029306;-3696.4883478466113;-5524.598255565061;0.6;
7	-4.043377545196122,-2.972004189930332;-734.1381954062376;-1097.1940056166982;0.6;
8	4.635575121187403,4.760145440232007;-628.369270609697;-939.1162082398744;0.6;
9	-1.8229850684391171,4.281767077838508;-689.123065020689;-1042.3586923650096;0.6;
10	2.8698739626454044,-4.218987214565745;-4875.483434360837;-7416.727899572862;0.6;
11	-4.82242116376791,-2.2192874966834997;-2393.924726281749;-3632.16729123035;0.6;
12	4.541500495121986,3.6382668210498603;-561.1890531119636;-846.2356489818605;0.6;
13	-2.4776442743798737,-2.412871445247423;-1797.6141627225327;-2697.511002802831;0.6;
14	-1.8073049823399447,0.19823702816724964;-1518.467405344629;-2269.4195355997786;0.6;
15	1.7506008237150654,-2.2803575457623135;-2511.2758758275754;-3980.3266022292414;0.6;
16	-4.894662637682555,3.6362198135636414;-401.7401666615552;-627.3381030255886;0.6;
17	0.5012893457186637,1.6455309042326598;-539.6660994715111;-816.776818275041;0.6;
18	2.1267294228395803,2.8724651389506626;-269.7128959860299;-403.0834384568103;0.6;
19	-0.6723251582108297,-2.465929718764693;-1854.5449385155302;-2888.591173179665;0.6;
20	-4.46062575668603,0.530506307969909;-1388.1293836421057;-1994.9969373382519;0.6;
21	-1.0187367973961567,-3.790832623050067;-1620.776801840084;-2425.8148513018727;0.6;
22	-2.7403161891956302,4.258751741590656;-359.4709168561766;-594.0213591475094;0.6;
23	2.7737677293318797,-4.135988687135552;-4465.519141751831;-6673.959414802857;0.6;
24	1.1837453975929968,-3.351059592938924;-3024.275999751304;-4519.937883335537;0.6;
25	-2.683206324436442,-3.69728961276455;-1136.985633793393;-1896.3387981793583;0.6;
26	0.7042014350957082,-0.6119422347325063;-728.4420820117258;-1088.680833522483;0.6;
27	-2.5353420773373356,-4.769802083903507;-2878.527360822737;-4302.108082599476;0.6;
28	-2.7089974639795553,-3.66739453054901;-1057.1756782945658;-1579.9922742326476;0.6;
29	-0.6390648298763804,4.11604702264653;-599.6680898298121;-896.2206276284071;0.6;
30	3.539815729030792,3.9996714926219257;-505.3887701755318;-796.7840522538115;0.6;
31	2.317526953557925,1.6762584020038584;-546.3002979163368;-816.4593649250655;0.6;
32	0.17887114124410886,-0.23630294383774064;-519.56223667461;-776.4977804109999;0.6;
33	-2.517782589514214,-2.662002695238004;-1625.1068485050066;-2506.7210804704723;0.6;
34	-0.14543385104340256,3.4160297279746317;-227.0985501265768;-339.39382505594835;0.6;
35	2.267594964753708,-2.1813978311417084;-2019.4470118510912;-3210.1260568271427;0.6;
36	3.542810370216465,4.22351576051094;-374.07561796970367;-559.0595841079436;0.6;
37	-2.7995277172227566,4.265530409375883;-413.5373829524474;-684.7272236003927;0.6;
38	4.63085285838448,4.78517421225277;-642.7853901054655;-958.6242298573691;0.6;
39	-0.6958466354628347,0.3038963044452189;-719.1872622495276;-1130.0273442797975;0.6;
40	-3.3613622243664554,1.2841847930584809;-1553.7241626157906;-2322.1128057903898;0.6;
41	0.6523976758067365,3.154085668178384;-251.21106798411188;-375.431382584879;0.6;
42	-4.17596152953964,2.173182095936248;-1205.9534592142327;-1802.3493034984094;0.6;
43	-2.519219053725777,3.627843602213078;-820.4418921859439;-1222.9212471396995;0.6;
44	-4.94361320975465,-0.8570505513480668;-1673.1320770491584;-2500.574864843148;0.6;
45	1.61113451383895,2.0306803771208557;-459.8541981849759;-775.20612779843;0.6;
46	-2.4637014292403094,1.7621671301865538;-2810.174148954624;-4199.950239957815;0.6;
47	2.5556398651050083,4.027144582258275;-330.5651878970583;-494.0307208380103;0.6;
48	-0.2630344444023125,2.0127501317740073;-993.8749859957023;-1485.385715356484;0.6;
49	-2.6833660127741314,4.246556841792437;-333.99299531671886;-554.0902326226592;0.6;
50	-0.7140812264407291,0.33493489106886254;-582.7766505355664;-1027.58522274768;0.6;
51	-2.7110811952423317,-3.66450965342001;-1036.8724909620114;-1631.6383553029812;0.6;
52	2.0831720823426476,0.9831336922573559;-979.3429997385261;-1463.6668183981988;0.6;
53	-4.904461359465662,-4.053270021457344;-2208.9836934568775;-3301.436208621444;0.6;
54	2.3036049168868744,-1.8401637425560509;-1485.9862154409643;-2286.6530720241262;0.6;
55	-0.6747582874685717,0.06891240260041775;-999.2040562017334;-1612.4629847295464;0.6;
56	-4.698134192267929,3.454549010703064;-515.458603636639;-854.2603576941613;0.6;
57	1.3528690418086722,-0.881496650638546;-681.4604420285169;-1018.4640455577492;0.6;
58	1.2631447214122622,-1.3772569653095923;-972.9930235148323;-1488.8817556055674;0.6;
59	4.701229856535693,3.490259728176598;-535.393222954748;-831.2736443136282;0.6;
60	-3.6677576862953973,-0.7628145370376576;-1477.9368920743805;-2208.8443309577947;0.6;
61	1.6479673195999478,1.993099550631884;-489.5322399452076;-731.6162072329732;0.6;
62	1.203964802798196,3.2428777021332027;-507.71223022192254;-775.0703806533982;0.6;
63	3.171807322125682,0.9483176943363496;-709.6212420834196;-1060.5519958097855;0.6;
64	-0.7983931546212117,-0.802862876948347;-1036.8866647368434;-1549.669165811882;0.6;
65	-2.7190476145985705,4.600153145134785;-880.0557775937376;-1372.9315787499932;0.6;
66	-0.7731401945791072,-2.575326994451882;-1852.971164577326;-2769.354819762765;0.6;
67	0.21078386489094658,-3.207701363115257;-2273.033892080564;-3397.1629482045196;0.6;
68	-4.854326836810001,3.9511093889189715;-589.8104006670341;-960.0623205918798;0.6;
69	-1.6846977011620412,4.165087986989732;-846.9040186522811;-1128.0523736817208;0.6;
70	-4.760915499002234,-2.484670488954335;-2106.8239364729156;-3156.582951234139;0.6;
71	-3.416985329570937,-3.9221792724766837;-668.4969650484187;-999.0893767568605;0.6;
72	2.4138051639064813,-1.6357053723302393;-1133.6333638880153;-1716.5338182319008;0.6;
73	-1.531917303622806,3.9494605553358024;-92.9121665465265;-138.84448605964482;0.6;
74	0.7708403087371284,3.1910172443313463;-415.7649808850286;-688.1954111811178;0.6;
75	-1.109011537157658,-1.9149647087465782;-2112.0868958976284;-3156.6183203759247;0.6;
76	3.401876133710097,0.06720224339719927;-352.2818604477532;-526.4875484910401;0.6;
77	-4.677686637104897,0.5307729806539543;-1065.284106177457;-1592.1107903505135;0.6;
78	4.316296383253219,-4.449836812491221;-14946.63397131212;-22338.593895086855;0.6;
79	2.542899428837128,4.249733906371281;-268.85544345341935;-457.18030715321424;0.6;
80	1.2434569842983951,-1.1564336339672263;-1045.7682943126556;-1546.860062941324;0.6;
81	-0.7269427891065579,0.3531919801557891;-646.0991793340389;-981.5667871339634;0.6;
82	-0.9979299408996063,-3.777601550718562;-1615.5205165701366;-2414.471043692616;0.6;
83	-1.0581755207745132,-3.715383636190256;-1924.738834162898;-3069.7590224414507;0.6;
84	-2.596883576725242,4.054248807954933;-306.02399763229;-513.8749905803795;0.6;
85	1.0198397522248757,-0.804847053137481;-923.1074965101893;-1357.315420454349;0.6;
86	-2.6899979280589776,4.244973052135285;-345.32057271858014;-554.0733571868428;0.6;
87	0.7858871373773058,-3.904987444597474;-2217.7540354437856;-3314.543993788011;0.6;
88	-2.6120359728664986,3.1291123342453666;-945.1566919150115;-1428.5901644243067;0.6;
89	1.5975558848835745,1.9346538410187497;-791.8831140039733;-1405.796705338897;0.6;
90	0.5033505590852544,1.6247771067443302;-525.193376207504;-806.7213628710331;0.6;
91	-4.156374851183601,2.05836926731718;-1154.8055118228347;-2041.7590944517472;0.6;
92	-2.572581757247965,-2.8536109914639542;-1429.4015043744344;-2136.305376844416;0.6;
93	1.544060459217925,-4.2329479896242646;-3216.1806884192215;-4806.7505794961935;0.6;
94	-4.622939652197306,-2.285496004514127;-2077.190649123459;-3104.4638540485976;0.6;
95	3.5707577665259063,-1.2658348197289837;-1116.6285329940806;-1668.8480164720831;0.6;
96	1.3170555569549305,-3.2850307387890103;-3105.204388946603;-4683.979795999257;0.6;
97	3.0716004743378544,-1.7687240757164533;-1158.409685779021;-1731.2923744610935;0.6;
98	0.32757512948147127,4.0981785432690305;-129.820739346561;-194.00649043640135;0.6;
99	1.5987208639889632,-1.8127148674166886;-1573.1385723988617;-2478.691968139886;0.6;
